0180011280872018110905100000001669996439201811131032002                                                                                                           
0500000000000000001                                                                                                                                               
0600000018110822290900000000000000000000007996238700000166530000031532619000000005100000000002                                                                    
0600000018110822270700000000000000000000003030737000000202150000031536166800000000700000000003                                                                    
0600000001811092902700000000000000000000000302062400000035604500031542275700000000700000000004                                                                    
0600000018110922287700000000000000000000001028037400000257740000031546138700000005100000000005                                                                    
0600000018110922199000000000000000000000001022810900000077960000031548977100000000700000000006                                                                    
0600000018110922324200000000000000000000001927622400000072440000031555267500000005100000000007                                                                    
0600000018110922291100000000000000000000005208606800000104230000031560938500000005100000000008                                                                    
0600000001811092257100000000000000000000004165416500000003461100031567054900000005100000000009                                                                    
0600000018110922295000000000000000000000007929435600000031870000031567452500000000900000000010                                                                    
080000000090000000009519856000001                                                                                                                                 
09000000009000000000951985600                                                                                                                                     
